0.002524078586
0.002573986072
0.002623721582
0.002673288932
0.002722690434
0.002771929555
0.002821008491
0.002869930479
0.002918698525
0.002967315172
0.003015784003
0.003064107214
0.00311228839
0.003160330201
0.003208235164
0.003256006414
0.003303646956
0.00335115968
0.003398547244
0.003445812943
0.003492959321
0.003539989671
0.003586906652
0.003633713212
0.003680412473
0.003727006976
0.003773500319
0.003819894382
0.003866192531
0.003912397887
0.003958513051
0.004004541375
0.004050485286
0.004096347675
0.004142132009
0.004187840716
0.004233476859
0.004279043212
0.00432454307
0.004369979336
0.004415354295
0.004460671255
0.004505932931
0.004551142505
0.004596302575
0.004641416552
0.004686486863
0.004731516457
0.004776508628
0.00482146586
0.004866391333
0.004911287879
0.004956158864
0.005001006167
0.005045833328
0.005090643064
0.005135438611
0.005180222512
0.005224997772
0.005269767513
0.005314534394
0.005359301743
0.005404071803
0.005448847903
0.005493632846
0.005538429522
0.005583240937
0.005628069922
0.005672919692
0.005717792691
0.0057626919
0.005807620355
0.005852581032
0.005897576735
0.005942610677
0.005987685216
0.006032803478
0.006077968498
0.006123183051
0.006168450084
0.006213772926
