0.01086525186
0.01136071365
0.01187455392
0.01240676645
0.01295728484
0.01352610696
0.0141131678
0.01471844847
0.01534191334
0.01598351277
0.01664324326
0.01732103979
0.01801689887
0.01873075489
0.01946258739
0.02021236427
0.0209800499
0.02176561002
0.02256899362
0.02339019088
0.02422915216
0.02508584815
0.02596024733
0.02685230501
0.02776200368
0.0286892937
0.02963415699
0.03059653187
0.03157640301
0.03257373342
0.0335884825
0.03462063001
0.03567012767
0.03673694124
0.03782104908
0.03892240293
0.04004097622
0.0411767263
0.04232963363
0.0434996591
0.04468675573
0.04589089913
0.04711204735
0.04835017244
0.04960523383
0.05087721058
0.05216605442
0.05347173041
0.05479421897
0.05613347116
0.05748945904
0.05886214903
0.06025151603
0.0616574984
0.06308007872
0.06451921505
0.06597488852
0.06744704947
0.06893566228
0.07044070944
0.07196213993
0.07349993631
0.07505404258
0.07662443641
0.0782110797
0.07981393819
0.08143298111
0.08306817003
0.08471948399
0.08638686946
0.08807029361
0.08976973021
0.09148514398
0.09321649682
0.09496376775
0.09672689943
0.09850586704
0.1003006395
0.102111179
0.1039374507
0.105779437
