0.0002064301124
0.0002112731656
0.0002161451736
0.0002210474975
0.0002259806496
0.0002309458848
0.00023594368
0.0002409751223
0.0002460411306
0.0002511423852
0.0002562801765
0.0002614549812
0.0002666680899
0.0002719199612
0.0002772117891
0.0002825443685
0.0002879186183
0.000293335422
0.0002987954954
0.0003042999918
0.0003098495914
0.0003154453502
0.0003210880811
0.0003267786369
0.0003325180691
0.0003383070581
0.0003441466372
0.0003500375629
0.0003559807977
0.0003619772962
0.0003680278049
0.0003741334462
0.0003802948649
0.0003865129447
0.0003927888432
0.0003991232055
0.0004055170167
0.0004119710766
0.0004184864897
0.0004250639316
0.0004317043795
0.0004384087299
0.0004451777647
0.0004520125047
0.0004589136963
0.0004658824796
0.0004729194995
0.0004800256573
0.0004872020578
0.0004944493634
0.0005017685949
0.0005091606182
0.0005166263474
0.0005241665388
0.0005317822082
0.0005394741376
0.000547243414
0.0005550907176
0.0005630169674
0.000571023215
0.0005791101761
0.0005872788845
0.0005955300671
0.0006038647334
0.0006122837162
0.0006207878991
0.0006293782254
0.0006380555368
0.0006468208073
0.0006556748502
0.0006646184959
0.0006736527207
0.000682778435
0.0006919964715
0.0007013078041
0.0007107131955
0.0007202135687
0.0007298098759
0.0007395029412
0.0007492936657
0.0007591830832
