0.02431755778
0.02546065114
0.02664566187
0.02787276691
0.02914190082
0.03045323425
0.03180669963
0.03320240965
0.03464041899
0.03612072019
0.03764348598
0.03920864882
0.04081638144
0.04246660599
0.04415945997
0.04589498145
0.04767322513
0.04949424362
0.05135803153
0.05326472947
0.05521432996
0.05720691984
0.05924254751
0.06132123972
0.06344310704
0.065608142
0.06781644485
0.07006800712
0.07236292485
0.07470125485
0.07708301757
0.07950832778
0.0819771759
0.08448961454
0.08704576056
0.08964560439
0.09228922866
0.09497665699
0.09770800308
0.1004832739
0.1033025222
0.106165816
0.1090731779
0.1120246925
0.1150203805
0.1180603576
0.1211446142
0.1242732039
0.1274462406
0.1306637156
0.1339257137
0.1372322865
0.140583503
0.1439793549
0.1474199413
0.1509052849
0.1544354982
0.1580105737
0.1616305663
0.1652955864
0.1690056287
0.172760798
0.176561087
0.180406587
0.1842973357
0.1882333856
0.1922148049
0.1962416316
0.2003139551
0.2044317852
0.2085951665
0.2128041813
0.2170588836
0.221359311
0.225705553
0.2300976041
0.2345355387
0.2390194254
0.2435493014
0.2481252201
0.2527472866
