0.02542116165
0.02667699829
0.02797827504
0.02932587941
0.03072005349
0.03216162086
0.03365080228
0.03518828663
0.03677462805
0.03841020333
0.04009585739
0.04183181097
0.04361890899
0.0454573279
0.04734788781
0.04929103462
0.05128732246
0.05333728418
0.05544131789
0.05760016916
0.05981421478
0.06208410824
0.06441033973
0.0667934067
0.06923397671
0.07173242655
0.07428937947
0.07690530812
0.07958079311
0.08231640991
0.08511259201
0.08797004961
0.09088913817
0.09387039055
0.09691453822
0.1000219367
0.1031931968
0.106428784
0.1097293978
0.1130953955
0.1165274164
0.1200259843
0.1235915543
0.1272247583
0.1309260299
0.1346960899
0.1385352938
0.1424441851
0.1464234634
0.1504734947
0.1545949113
0.1587882353
0.1630540012
0.1673926818
0.1718048896
0.1762910794
0.1808519401
0.1854878485
0.1901993588
0.1949871384
0.1998515856
0.2047933403
0.2098128327
0.2149106798
0.2200873753
0.2253434522
0.2306794876
0.2360959807
0.2415935271
0.2471726174
0.2528337354
0.2585774867
0.2644044202
0.2703150297
0.2763099109
0.2823895151
0.2885543991
0.2948051454
0.3011422426
0.3075662339
0.3140777597
