0.001435319895
0.001415517493
0.001396198469
0.00137735599
0.001358985305
0.001341080237
0.001323636255
0.001306647429
0.001290108076
0.001274013199
0.001258356401
0.001243133153
0.001228337055
0.001213963492
0.001200006269
0.001186460273
0.001173319822
0.001160579452
0.001148233947
0.001136277361
0.001124704699
0.001113509825
0.001102687713
0.001092232695
0.00108213906
0.00107240181
0.001063015146
0.001053973605
0.001045271825
0.001036903904
0.001028864832
0.001021148458
0.001013750005
0.001006664008
0.0009998841005
0.0009934055033
0.0009872225194
0.0009813298094
0.0009757213329
0.0009703923192
0.0009653367286
0.0009605492139
0.0009560245448
0.0009517568055
0.0009477409843
0.0009439708224
0.0009404415418
0.0009371475694
0.000934082865
0.0009312425412
0.0009286206822
0.0009262119334
0.0009240108383
0.0009220119338
0.0009202095295
0.0009185983955
0.0009171726006
0.0009159271484
0.0009148563565
0.0009139545124
0.0009132164011
0.0009126363212
0.0009122089883
0.0009119286538
0.000911789971
0.0009117874759
0.0009119155333
0.0009121687417
0.0009125415712
0.0009130284019
0.0009136239997
0.000914322722
0.0009151189409
0.0009160073095
0.0009169822981
0.0009180384034
0.0009191702125
0.0009203720354
0.00092163858
0.000922964273
0.0009243434132
