0.02625044483
0.02659138642
0.02695702016
0.02734763639
0.02776328031
0.02820422327
0.02867050413
0.02916234087
0.0296798981
0.03022327438
0.03079274741
0.03138835603
0.03201037794
0.03265883304
0.03333398989
0.03403597514
0.03476495339
0.03552108293
0.03630446864
0.03711535202
0.03795383166
0.03882010833
0.03971432765
0.04063663069
0.04158722912
0.04256622149
0.0435738005
0.04461009809
0.04567529431
0.04676956008
0.04789301749
0.04904589086
0.05022827241
0.05144032043
0.05268226556
0.05395420003
0.05525631197
0.05658873297
0.05795168416
0.0593452592
0.06076965289
0.06222502175
0.0637114942
0.06522926469
0.06677845532
0.06835929355
0.06997187164
0.07161635101
0.07329295282
0.07500177246
0.07674300439
0.07851680372
0.08032333013
0.08216271556
0.08403514954
0.08594076049
0.08787976639
0.08985226581
0.09185842335
0.09389845067
0.09597245265
0.0980806299
0.1002230992
0.1024000511
0.1046116288
0.1068579906
0.1091393114
0.111455736
0.1138074485
0.116194587
0.1186172925
0.1210757514
0.1235701267
0.1261005619
0.1286672409
0.1312702871
0.1339098694
0.1365861643
0.1392993136
0.1420494787
0.1448368601
