0.003670436837
0.003589048433
0.003509191698
0.003430858364
0.003354031865
0.003278696947
0.003204842717
0.003132454254
0.003061516728
0.002992018822
0.00292394495
0.002857282038
0.002792015923
0.002728133529
0.002665621029
0.002604463701
0.002544650009
0.002486164475
0.002428992603
0.002373124499
0.00231854173
0.002265233735
0.002213186684
0.002162383568
0.002112815249
0.00206446505
0.002017319898
0.001971366719
0.00192659037
0.00188298007
0.00184051783
0.001799194512
0.001758993439
0.001719901539
0.001681904647
0.001644992202
0.001609145017
0.001574353952
0.001540603421
0.001507877839
0.001476167086
0.001445455358
0.001415731657
0.00138697843
0.001359184359
0.001332333525
0.001306415154
0.001281414206
0.001257316517
0.001234109891
0.001211777865
0.001190309664
0.001169688825
0.001149904685
0.001130940893
0.001112785031
0.001095422933
0.001078840983
0.001063026439
0.001047964094
0.001033641752
0.001020043992
0.001007158287
0.0009949706393
0.0009834665522
0.0009726338302
0.0009624580865
0.000952925438
0.0009440225874
0.0009357348265
0.000928049793
0.0009209519006
0.0009144294985
0.0009084689681
0.0009030541783
0.0008981734783
0.0008938125379
0.0008899581778
0.0008865950839
0.0008837118211
0.0008812928109
0.0008793249227
0.0008777952495
0.0008766889164
0.0008759935611
0.0008756933248
0.0008757765567
0.000876229366
0.0008770364385
0.0008781858512
0.0008796627292
0.0008814537262
0.0008835454392
0.0008859239854
0.0008885752501
0.0008914863264
0.0008946421725
0.0008980305929
0.0009016374244
0.00090544817
0.0009094500895
0.000913628877
0.0009179713573
0.0009224631718
0.0009270910576
0.0009318413963
0.0009367000772
0.0009416537014
0.000946688455
0.0009517902622
0.0009569462403
0.0009621421954
0.0009673641003
0.0009725986922
0.0009778321574
0.0009830507756
0.0009882410889
0.0009933888506
0.0009984809339
0.001003503448
0.001008442087
0.001013284047
0.001018015022
0.001022621257
0.001027089489
0.001031405896
0.001035556503
0.001039528072
0.001043306239
0.001046877766
0.001050228856
0.001053345686
0.00105621457
0.001058822008
0.001061154186
0.001063197289
0.001064937453
0.001066361415
0.001067455175
0.001068205045
0.001068597459
0.001068618491
0.001068254683
0.00106749196
0.001066317024
0.001064715976
0.001062675037
0.001060180605
0.001057218899
0.00105377641
0.001049839097
0.001045393475
0.001040425761
0.001034922343
0.001028869417
0.001022253271
0.00101506022
0.001007276517
0.0009988885702
0.0009898825752
0.0009802448156
