0.004253437699
0.004051085513
0.003867157187
0.003699252239
0.003545370384
0.003403831495
0.003273214035
0.003152307168
0.003040073137
0.002935617419
0.002838164855
0.002747040399
0.00266165347
0.002581485162
0.002506077696
0.002435025694
0.002367968896
0.002304586065
0.002244589854
0.002187722459
0.002133751926
0.002082469
0.002033684421
0.001987226602
0.001942939618
0.001900681464
0.001860322548
0.001821744366
0.001784838346
0.001749504838
0.001715652221
0.001683196114
0.001652058681
0.001622168014
0.001593457582
0.001565865747
0.00153933532
0.001513813179
0.001489249909
0.001465599497
0.001442819043
0.001420868507
0.001399710475
0.001379309955
0.001359634188
0.00134065247
0.001322336004
0.001304657751
0.001287592308
0.001271115781
0.001255205685
0.00123984084
0.001225001281
0.001210668177
0.001196823751
0.001183451214
0.001170534696
0.001158059189
0.001146010489
0.001134375148
0.001123140426
0.001112294246
0.001101825155
0.001091722285
0.00108197532
0.001072574463
0.001063510402
0.00105477429
0.001046357712
0.001038252662
0.001030451522
0.00102294704
0.00101573231
0.001008800752
0.001002146097
0.0009957623699
0.0009896438726
0.0009837851719
0.0009781810847
0.0009728266659
0.0009677171963
0.0009628481712
0.0009582152905
0.0009538144481
0.000949641723
0.0009456933703
0.000941965813
0.000938455634
0.0009351595689
0.0009320744988
0.0009291974439
0.0009265255569
0.0009240561174
0.0009217865264
0.0009197143003
0.0009178370667
0.000916152559
0.0009146586124
0.000913353159
0.0009122342242
0.0009112999227
0.0009105484545
0.0009099781019
0.0009095872258
0.0009093742627
0.0009093377216
0.000909476181
0.0009097882865
0.0009102727478
0.0009109283366
0.0009117538839
0.0009127482777
0.0009139104612
0.0009152394305
0.0009167342324
0.0009183939629
0.0009202177654
0.0009222048286
0.0009243543852
0.0009266657099
0.0009291381187
0.0009317709664
0.0009345636461
0.0009375155874
0.0009406262552
0.0009438951485
0.0009473217995
0.0009509057719
0.0009546466604
0.0009585440893
0.0009625977117
0.0009668072084
0.0009711722872
0.0009756926817
0.0009803681508
0.0009851984776
0.0009901834689
0.0009953229541
0.001000616785
0.001006064834
0.001011666996
0.001017423183
0.00102333333
0.001029397388
0.001035615327
0.001041987136
0.001048512819
0.001055192399
0.001062025913
0.001069013416
0.001076154976
0.001083450677
0.001090900617
0.001098504908
0.001106263675
0.001114177058
0.001122245207
0.001130468287
0.001138846473
0.001147379953
0.001156068926
