5.85574712e-06
6.558412181e-06
7.279640057e-06
8.01654101e-06
8.76687915e-06
9.529052813e-06
1.030205097e-05
1.108539344e-05
1.187906166e-05
1.268342548e-05
1.349917047e-05
1.432722877e-05
1.516871596e-05
1.602487513e-05
1.689702905e-05
1.778654042e-05
1.869478003e-05
1.962310224e-05
2.057282706e-05
2.154522784e-05
2.254152387e-05
2.356287682e-05
2.461039031e-05
2.568511167e-05
2.67880355e-05
2.792010812e-05
2.90822327e-05
3.027527457e-05
3.15000664e-05
3.275741311e-05
3.404809634e-05
3.537287835e-05
3.673250542e-05
3.81277106e-05
3.955921602e-05
4.102773465e-05
4.253397165e-05
4.407862538e-05
4.566238808e-05
4.728594642e-05
4.894998178e-05
5.065517051e-05
5.240218405e-05
5.419168916e-05
5.602434804e-05
5.790081851e-05
5.98217543e-05
6.178780535e-05
6.379961814e-05
6.585783616e-05
6.796310035e-05
7.011604961e-05
7.231732141e-05
7.45675523e-05
7.686737853e-05
7.921743662e-05
8.161836397e-05
8.407079937e-05
8.657538357e-05
8.913275976e-05
9.174357401e-05
9.440847571e-05
9.712811791e-05
9.990315765e-05
0.0001027342562
0.0001056220793
0.0001085672973
0.0001115705852
0.0001146326231
0.0001177540955
0.0001209356922
0.0001241781075
0.0001274820406
0.0001308481951
0.0001342772795
0.0001377700062
0.0001413270922
0.0001449492584
0.0001486372295
0.000152391734
0.0001562135036
0.0001601032736
0.000164061782
0.00016808977
0.000172187981
0.0001763571612
0.0001805980588
0.0001849114241
0.0001892980092
0.0001937585679
0.0001982938553
0.0002029046278
0.0002075916431
0.0002123556595
0.0002171974364
0.0002221177335
0.0002271173112
0.0002321969302
0.0002373573514
0.0002425993356
0.0002479236438
0.0002533310367
0.0002588222749
0.0002643981184
0.0002700593271
0.00027580666
0.0002816408758
0.0002875627323
0.0002935729865
0.000299672395
0.0003058617129
0.0003121416949
0.0003185130945
0.0003249766642
0.0003315331553
0.0003381833182
0.0003449279022
0.0003517676552
0.0003587033242
0.0003657356547
0.0003728653912
0.0003800932769
0.0003874200538
0.0003948464625
0.0004023732425
0.0004100011319
0.0004177308677
0.0004255631855
0.0004334988197
0.0004415385034
0.0004496829685
0.0004579329457
0.0004662891643
0.0004747523525
0.0004833232374
0.0004920025447
0.0005007909991
0.0005096893241
0.0005186982421
0.0005278184741
0.0005370507405
0.0005463957602
0.0005558542513
0.0005654269306
0.0005751145142
0.000584917717
0.000594837253
0.0006048738353
0.0006150281759
0.0006253009861
0.0006356929763
0.0006462048559
0.0006568373337
0.0006675911174
0.0006784669142
0.0006894654304
0.0007005873716
0.0007118334426
0.0007232043478
0.0007347007907
0.000746323474
