0.03133798674
0.02987553149
0.02854616764
0.02733253881
0.02622018151
0.02519694649
0.02425255376
0.02337824639
0.02256651854
0.02181089978
0.02110578249
0.02044628271
0.01982812707
0.01924756029
0.01870126896
0.01818631844
0.01770010023
0.01724028793
0.0168048001
0.01639176886
0.01599951317
0.0156265161
0.01527140525
0.01493293595
0.01460997676
0.01430149687
0.01400655518
0.01372429074
0.01345391443
0.01319470158
0.01294598557
0.01270715214
0.01247763431
0.01225690796
0.01204448787
0.01183992414
0.01164279906
0.01145272431
0.01126933838
0.01109230434
0.01092130776
0.01075605489
0.01059627096
0.01044169873
0.01029209706
0.01014723971
0.01000691419
0.009870920738
0.009739071408
0.00961118918
0.0094871072
0.009366668056
0.009249723125
0.009136131973
0.009025761799
0.008918486925
0.008814188332
0.008712753224
0.00861407463
0.008518051036
0.008424586045
0.008333588056
0.00824496998
0.008158648961
0.008074546128
0.007992586359
0.007912698064
0.007834812982
0.007758865991
0.007684794933
0.007612540448
0.007542045823
0.007473256844
0.007406121666
0.007340590684
0.007276616418
0.007214153398
0.007153158067
0.007093588676
0.007035405199
0.006978569244
0.006923043971
0.006868794021
0.006815785437
0.006763985604
0.00671336318
0.006663888037
0.006615531207
0.006568264826
0.006522062083
0.006476897174
0.006432745257
0.006389582405
0.006347385573
0.006306132553
0.006265801938
0.006226373093
0.006187826116
0.006150141811
0.006113301657
0.006077287779
0.006042082924
0.006007670432
0.005974034217
0.005941158739
0.005909028984
0.005877630445
0.005846949101
0.005816971397
0.005787684226
0.005759074915
0.005731131206
0.00570384124
0.005677193543
0.005651177013
0.005625780904
0.005600994814
0.005576808675
0.005553212735
0.005530197555
0.00550775399
0.005485873184
0.005464546559
0.005443765802
0.005423522863
0.005403809937
0.005384619464
0.005365944116
0.005347776792
0.005330110608
0.005312938891
0.005296255174
0.005280053188
0.005264326853
0.005249070278
0.005234277749
0.005219943728
0.005206062846
0.005192629898
0.005179639835
0.005167087766
0.005154968947
0.005143278782
0.005132012811
0.005121166717
0.005110736312
0.005100717537
0.005091106462
0.005081899276
0.005073092289
0.005064681924
0.00505666472
0.005049037323
0.005041796486
0.005034939067
0.005028462024
0.005022362415
0.005016637393
0.005011284206
0.005006300192
0.00500168278
