0.002531615241
0.002579668832
0.002627740843
0.00267582811
0.002723926971
0.002772033284
0.002820142449
0.002868249441
0.002916348843
0.002964434894
0.003012501533
0.003060542456
0.003108551176
0.00315652108
0.003204445493
0.003252317744
0.003300131224
0.003347879452
0.003395556128
0.003443155193
0.003490670877
0.003538097745
0.003585430741
0.003632665223
0.003679796994
0.003726822328
0.003773737992
0.003820541262
0.003867229934
0.003913802329
0.003960257298
0.004006594221
0.004052813001
0.004098914059
0.00414489832
0.004190767204
0.004236522611
0.004282166902
0.004327702885
0.004373133795
0.004418463274
0.004463695349
0.004508834416
0.004553885215
0.00459885281
0.004643742571
0.004688560147
0.004733311453
0.004778002644
0.004822640097
0.004867230393
0.004911780299
0.004956296747
0.005000786817
0.005045257724
0.005089716798
0.005134171469
0.005178629254
0.005223097742
0.005267584579
0.005312097458
0.005356644106
0.005401232271
0.005445869712
0.005490564191
0.005535323461
0.005580155257
0.005625067288
0.005670067232
0.005715162724
0.005760361352
0.005805670653
0.005851098101
0.005896651108
0.005942337018
0.0059881631
0.006034136546
0.006080264468
0.006126553896
0.006173011771
0.006219644949
