0.02638756897
0.02765549763
0.02896660356
0.03032154168
0.03172096707
0.03316553471
0.03465589932
0.03619271518
0.03777663595
0.03940831449
0.04108840274
0.04281755151
0.04459641037
0.04642562749
0.04830584945
0.05023772116
0.05222188567
0.05425898405
0.05634965522
0.05849453583
0.06069426014
0.06294945982
0.06526076386
0.06762879841
0.07005418664
0.07253754859
0.07507950104
0.07768065736
0.08034162736
0.08306301714
0.08584542897
0.0886894611
0.09159570764
0.0945647584
0.09759719874
0.1006936094
0.1038545664
0.1070806407
0.1103723984
0.1137304003
0.1171552015
0.120647352
0.1242073957
0.1278358709
0.1315333095
0.1353002375
0.1391371743
0.1430446327
0.1470231189
0.151073132
0.1551951642
0.1593897001
0.1636572172
0.1679981852
0.1724130659
0.1769023132
0.1814663729
0.1861056821
0.1908206698
0.1956117558
0.2004793514
0.2054238586
0.2104456699
0.2155451687
0.2207227285
0.2259787129
0.2313134757
0.2367273602
0.2422206994
0.2477938158
0.253447021
0.2591806155
0.264994889
0.2708901194
0.2768665735
0.2829245062
0.2890641604
0.2952857673
0.3015895455
0.3079757014
0.3144444287
