0.01077398216
0.01129331206
0.01182814746
0.01237863904
0.01294493271
0.01352716945
0.0141254853
0.01474001123
0.01537087307
0.01601819144
0.01668208168
0.01736265378
0.01806001231
0.01877425637
0.01950547955
0.02025376989
0.02101920983
0.02180187623
0.0226018403
0.02341916762
0.02425391817
0.0251061463
0.02597590077
0.02686322478
0.02776815602
0.02869072667
0.0296309635
0.03058888792
0.03156451604
0.03255785874
0.03356892177
0.03459770581
0.0356442066
0.03670841501
0.03779031714
0.03888989446
0.04000712391
0.041141978
0.04229442495
0.04346442883
0.04465194966
0.04585694355
0.04707936284
0.04831915625
0.04957626901
0.05085064297
0.0521422168
0.0534509261
0.05477670353
0.05611947898
0.05747917973
0.05885573054
0.06024905385
0.06165906988
0.06308569679
0.06452885085
0.0659884465
0.06746439658
0.06895661239
0.07046500385
0.07198947965
0.07352994731
0.07508631339
0.07665848353
0.07824636261
0.07984985484
0.08146886389
0.08310329295
0.08475304488
0.08641802227
0.08809812753
0.08979326299
0.09150333099
0.09322823392
0.09496787432
0.09672215494
0.09849097882
0.1002742493
0.1020718701
0.1038837455
0.1057097801
