0.1511929746
0.1488827989
0.1466479286
0.1444847846
0.142390012
0.140360462
0.1383931769
0.1364853759
0.1346344414
0.1328379079
0.1310934509
0.1293988769
0.1277521143
0.126151205
0.124594297
0.1230796372
0.1216055646
0.1201705048
0.1187729641
0.1174115245
0.1160848391
0.1147916275
0.1135306719
0.1123008131
0.1111009475
0.1099300232
0.1087870375
0.1076710338
0.1065810992
0.1055163616
0.1044759881
0.1034591823
0.1024651826
0.1014932601
0.1005427171
0.09961288541
0.09870312469
0.09781282112
0.09694138599
0.0960882545
0.0952528845
0.0944347554
0.09363336714
0.09284823914
0.0920789094
0.0913249336
0.09058588428
0.08986135007
0.08915093488
0.0884542573
0.08777094984
0.08710065836
0.08644304145
0.08579776989
0.0851645261
0.08454300364
0.08393290673
0.0833339498
0.08274585706
0.08216836207
0.08160120738
0.08104414416
0.08049693182
0.07995933771
0.07943113676
0.07891211122
0.07840205037
0.07790075021
0.07740801322
0.07692364812
0.07644746961
0.07597929816
0.0755189598
0.07506628589
0.07462111293
0.07418328238
0.0737526405
0.07332903811
0.0729123305
0.07250237723
0.07209904199
