0.0002069727387
0.000211682259
0.0002164346393
0.0002212303324
0.000226069755
0.0002309532891
0.0002358812837
0.0002408540572
0.0002458718999
0.0002509350769
0.000256043832
0.0002611983915
0.0002663989681
0.0002716457658
0.000276938984
0.0002822788222
0.0002876654847
0.0002930991846
0.0002985801483
0.0003041086196
0.0003096848627
0.0003153091665
0.0003209818467
0.0003267032491
0.0003324737515
0.0003382937656
0.0003441637385
0.0003500841543
0.000356055534
0.0003620784369
0.0003681534604
0.0003742812398
0.0003804624483
0.0003866977961
0.00039298803
0.0003993339325
0.0004057363202
0.0004121960436
0.0004187139847
0.0004252910567
0.0004319282019
0.0004386263905
0.0004453866191
0.0004522099091
0.0004590973053
0.0004660498745
0.0004730687035
0.0004801548983
0.0004873095822
0.0004945338945
0.0005018289892
0.0005091960334
0.0005166362063
0.000524150698
0.0005317407077
0.0005394074433
0.0005471521197
0.0005549759583
0.0005628801852
0.000570866031
0.0005789347295
0.0005870875168
0.0005953256308
0.0006036503099
0.0006120627928
0.0006205643174
0.0006291561204
0.0006378394367
0.0006466154987
0.0006554855357
0.0006644507738
0.0006735124352
0.0006826717376
0.0006919298942
0.0007012881133
0.0007107475976
0.0007203095445
0.0007299751455
0.000739745586
0.0007496220452
0.0007596056959
