0.02529938768
0.02658394712
0.02791114195
0.02928165289
0.03069615915
0.03215533838
0.03365986659
0.03521041807
0.03680766532
0.03845227897
0.04014492766
0.04188627802
0.04367699452
0.0455177394
0.04740917261
0.04935195166
0.05134673157
0.05339416472
0.0554949008
0.05764958667
0.05985886627
0.0621233805
0.06444376712
0.06682066063
0.06925469212
0.07174648923
0.07429667594
0.07690587252
0.07957469534
0.0823037568
0.08509366514
0.08794502436
0.09085843405
0.09383448927
0.09687378041
0.09997689301
0.1031444077
0.1063768999
0.1096749399
0.1130390925
0.1164699169
0.1199679666
0.1235337894
0.1271679268
0.1308709141
0.1346432806
0.1384855486
0.1423982341
0.1463818459
0.1504368861
0.1545638492
0.1587632228
0.1630354865
0.1673811125
0.1718005649
0.1762942999
0.1808627651
0.1855064
0.1902256355
0.1950208933
0.1998925865
0.2048411188
0.2098668847
0.2149702692
0.2201516472
0.2254113842
0.2307498353
0.2361673453
0.2416642488
0.2472408694
0.2528975201
0.2586345029
0.2644521084
0.2703506162
0.2763302938
0.2823913975
0.2885341714
0.2947588475
0.3010656456
0.307454773
0.3139264247
