0.001428654158
0.001405983508
0.001384081361
0.001362912332
0.001342443266
0.001322643069
0.001303482547
0.00128493427
0.001266972441
0.001249572772
0.001232712385
0.001216369706
0.001200524377
0.001185157173
0.001170249925
0.00115578545
0.001141747483
0.001128120624
0.001114890275
0.001102042596
0.001089564451
0.001077443372
0.001065667511
0.001054225607
0.001043106951
0.001032301351
0.001021799105
0.001011590969
0.001001668135
0.0009920222058
0.0009826451686
0.0009735293779
0.0009646675341
0.0009560526644
0.0009476781062
0.0009395374905
0.0009316247263
0.0009239339869
0.0009164596958
0.0009091965144
0.0009021393302
0.0008952832451
0.0008886235654
0.0008821557919
0.0008758756101
0.0008697788816
0.0008638616362
0.0008581200633
0.0008525505052
0.0008471494496
0.0008419135233
0.0008368394857
0.0008319242231
0.0008271647429
0.0008225581685
0.0008181017338
0.0008137927792
0.0008096287463
0.0008056071739
0.0008017256943
0.0007979820285
0.0007943739835
0.0007908994481
0.0007875563901
0.0007843428525
0.000781256951
0.000778296871
0.0007754608646
0.0007727472485
0.0007701544008
0.0007676807593
0.000765324819
0.0007630851296
0.000760960294
0.0007589489658
0.0007570498478
0.0007552616901
0.0007535832882
0.0007520134815
0.0007505511518
0.0007491952215
