0.001442819043
0.001420868507
0.001399710475
0.001379309955
0.001359634188
0.00134065247
0.001322336004
0.001304657751
0.001287592308
0.001271115781
0.001255205685
0.00123984084
0.001225001281
0.001210668177
0.001196823751
0.001183451214
0.001170534696
0.001158059189
0.001146010489
0.001134375148
0.001123140426
0.001112294246
0.001101825155
0.001091722285
0.00108197532
0.001072574463
0.001063510402
0.00105477429
0.001046357712
0.001038252662
0.001030451522
0.00102294704
0.00101573231
0.001008800752
0.001002146097
0.0009957623699
0.0009896438726
0.0009837851719
0.0009781810847
0.0009728266659
0.0009677171963
0.0009628481712
0.0009582152905
0.0009538144481
0.000949641723
0.0009456933703
0.000941965813
0.000938455634
0.0009351595689
0.0009320744988
0.0009291974439
0.0009265255569
0.0009240561174
0.0009217865264
0.0009197143003
0.0009178370667
0.000916152559
0.0009146586124
0.000913353159
0.0009122342242
0.0009112999227
0.0009105484545
0.0009099781019
0.0009095872258
0.0009093742627
0.0009093377216
0.000909476181
0.0009097882865
0.0009102727478
0.0009109283366
0.0009117538839
0.0009127482777
0.0009139104612
0.0009152394305
0.0009167342324
0.0009183939629
0.0009202177654
0.0009222048286
0.0009243543852
0.0009266657099
0.0009291381187
