0.01114441694
0.01171007863
0.01229449968
0.01289797795
0.01352081049
0.01416329353
0.01482572243
0.01550839165
0.01621159468
0.01693562404
0.01768077119
0.01844732653
0.0192355793
0.02004581758
0.02087832823
0.02173339681
0.02261130756
0.02351234334
0.02443678558
0.02538491418
0.02635700755
0.02735334243
0.02837419393
0.02941983543
0.03049053851
0.03158657291
0.03270820642
0.03385570489
0.03502933209
0.03622934969
0.03745601716
0.03870959171
0.03999032823
0.04129847921
0.04263429464
0.04399802197
0.04538990603
0.04681018893
0.04825910999
0.04973690566
0.05124380947
0.05278005188
0.05434586026
0.05594145877
0.0575670683
0.05922290635
0.06090918697
0.06262612068
0.06437391433
0.06615277107
0.06796289023
0.06980446723
0.07167769348
0.0735827563
0.07551983884
0.07748911994
0.07949077407
0.08152497125
0.08359187689
0.08569165178
0.08782445191
0.08999042843
0.09218972754
0.09442249036
0.09668885288
0.09898894582
0.1013228946
0.1036908191
0.1060928338
0.1085290473
0.1109995628
0.1135044774
0.1160438824
0.1186178629
0.1212264981
0.1238698608
0.1265480177
0.1292610288
0.1320089479
0.134791822
0.1376096915
