0.02414392199
0.02533239229
0.02655735728
0.02781922054
0.02911837664
0.03045521105
0.03183009989
0.03324340984
0.03469549796
0.03618671152
0.03771738788
0.03928785433
0.04089842801
0.04254941572
0.04424111388
0.04597380844
0.04774777477
0.04956327765
0.05142057122
0.05331989893
0.05526149359
0.05724557733
0.05927236167
0.06134204756
0.06345482544
0.06561087531
0.06781036686
0.07005345955
0.07234030274
0.07467103585
0.07704578849
0.07946468065
0.08192782284
0.08443531633
0.0869872533
0.08958371707
0.09222478232
0.09491051533
0.09764097417
0.100416209
0.1032362622
0.1061011689
0.1090109568
0.1119656468
0.1149652533
0.1180097841
0.1210992408
0.1242336196
0.1274129107
0.1306370993
0.1339061653
0.1372200843
0.140578827
0.1439823601
0.1474306466
0.1509236455
0.1544613126
0.1580436006
0.1616704593
0.1653418358
0.1690576749
0.1728179193
0.1766225098
0.1804713853
0.1843644837
0.1883017411
0.1922830929
0.1963084737
0.2003778172
0.2044910567
0.2086481253
0.2128489557
0.2170934809
0.2213816339
0.2257133479
0.2300885567
0.2345071944
0.238969196
0.2434744971
0.248023034
0.2526147442
