\begindata

BODY20000269_POLE_RA             = (  85.069051546534496      0.0         0.0 )
BODY20000269_POLE_DEC            = (  -57.852303738160167      0.0         0.0 )
BODY20000269_PM                  = (  316.2    260.797885    0.0 )
BODY20000269_CONSTANTS_JED_EPOCH = 2451545.0