9.999999999999999547e-07
2.500000000000000205e-06
5.000000000000000409e-06
7.500000000000000190e-06
1.000000000000000082e-05
2.500000000000000120e-05
5.000000000000000240e-05
7.499999999999999343e-05
1.000000000000000048e-04
2.500000000000000052e-04
5.000000000000000104e-04
7.500000000000000156e-04
1.000000000000000021e-03
2.500000000000000052e-03
5.000000000000000104e-03
7.499999999999999722e-03
1.000000000000000021e-02
2.500000000000000139e-02
5.000000000000000278e-02
7.499999999999999722e-02
1.000000000000000056e-01
2.500000000000000000e-01
5.000000000000000000e-01
7.500000000000000000e-01
1.000000000000000000e+00
